34.0763509407978, -118.308714853066
34.0442786366183, -118.242083439921
34.0473485285094, -118.338674705964
34.0631539202428, -118.444617373332
34.0486844757893, -118.440782097221
34.1077542934106, -118.288436797676
33.9901857364149, -118.335622754798
33.9451789, -118.3717387
-8.015725, -35.0127079
34.071008, -118.445012
33.9704399859791, -118.173357197856
34.1043847588544, -118.412513572977
34.0663746715311, -118.383700650185
34.061163701659, -118.400760883366
33.9986466557204, -118.399169952327
33.9230317779845, -118.407498062718
33.8908961640294, -118.297111088643
33.8881029923679, -118.401498119439
33.843715, -118.3762069
33.9916947081093, -118.464691892308
33.9603828605067, -118.434924370987
33.9749473891417, -118.355518205283
34.0163285247964, -118.493073078989
34.0346124028854, -118.508945255112
34.0308959754014, -118.487166127427
49.46558465, 11.0893492013286
33.8272689536468, -118.314812370267
33.8403639133035, -118.353377262721
33.8109253854445, -118.353053834162
34.0004071529883, -118.040423527833
33.945825505584, -117.994437526034
33.9366286550843, -118.068690557551
33.8649608680023, -118.069359282797
33.7366316195201, -118.289257761025
33.8591352709796, -118.256294711746
33.7948503216307, -118.120771340484
34.1462337770281, -118.139653412696
34.1394751946517, -118.158227310839
34.1211078340145, -118.113778583399
49.3288842, 11.0287296
34.1669802416422, -118.26870296251
34.1692948140918, -118.242568916446
48.6823748678732, 2.42151521570153
49.7122951, 11.0664285403313
34.2196856474915, -118.62234998707
34.1981994682349, -118.631626440598
48.731933055889, 2.32682899267579
34.2781851791895, -118.501631487966
34.4039571836499, -118.558214929695
48.6668609824574, 2.32546590304415
34.1768424459009, -118.619025796571
34.1469505414257, -118.461357850102
34.1501131897941, -118.490040888192
34.20607259237, -118.335402110827
49.28887445, 10.5597693380951
34.1667388016268, -118.399963411038
48.5483875906842, 2.36692954812729
34.1086410656531, -117.718378602095
48.5257298955068, 2.21588746207369
48.3668191309191, 2.0010864117147
34.1394870499143, -117.851699540082
33.9979473680627, -117.967533974307
33.9825062174086, -117.897362278283
34.076815802217, -117.619092741935
34.0003714975384, -117.816839311911
34.1033920938943, -117.65675935012
34.0221135639724, -117.899615787578
32.6672414114082, -117.021987611187
19.1804687693754, -96.1275491106074
32.6097007675275, -117.05198859312
32.6687545925775, -116.946676670244
32.5790316581524, -117.117081058473
32.7851147974662, -117.014630743737
33.1549052903936, -117.324482055606
33.0972452766562, -117.256916206015
37.509535625, 13.07402195
32.7931175348849, -116.972160755291
33.0543548060779, -117.265143666626
33.1063738365727, -117.06865555917
33.3713170548172, -117.216534445524
32.8409929867116, -117.255828143753
33.2018645565661, -117.365129408591
33.1972788377566, -117.285092394866
33.2207397242929, -117.355905157121
32.9770928439537, -117.041577534463
33.0376800721552, -116.855291350054
33.1524772437238, -117.148338541434
33.1287138550398, -117.191682082051
33.2509561064884, -117.027749812785
33.1931063060781, -117.24947913686
33.2164121060121, -117.215965404918
32.7220472627921, -117.161720565064
32.7467612693221, -117.168622703213
32.7401015357171, -117.24415554434
32.7735177261919, -117.141550189176
32.8158174, -117.2319951
32.8027400154489, -117.16923175491
32.9975842377897, -117.069788499939
32.9612675055422, -117.128916882437
32.9505626397604, -117.216957885533
32.6896121077814, -117.122573030452
33.7123665015617, -116.235809266049
33.7565025212237, -116.320969559844
32.7830383491715, -115.573933162114
33.6748703512678, -116.285785749837
48.7896281607812, 2.28496724128439
33.8428022247878, -116.542309808344
48.9139838202153, 2.26728934530403
33.8091180083103, -116.379551671006
48.7815330111844, 2.25940979756532
34.0390607544088, -117.178036552759
34.0783878286162, -117.275451774702
33.5670666935306, -117.230892970019
33.5655514236408, -117.157237720171
33.7949718013241, -117.297595151783
33.7042077204141, -117.19719578509
33.4890465009643, -117.200316686098
33.499478142813, -117.080699436486
33.6895366020331, -117.787003897429
33.6848779377572, -117.662278100454
33.6613352519723, -117.81637355642
33.6666270042598, -117.746028776926
33.6789884919322, -117.911406295392
33.4796343909109, -117.700037055268
33.7200888757505, -117.993772313848
33.6800116659356, -118.006440783593
33.597394570399, -117.694827666318
33.736803445732, -117.987115318021
33.577929614329, -117.727278124548
33.6353370076259, -117.875843522992
33.4622151616541, -117.633105074923
33.7522617965691, -117.994366101582
33.6118051297948, -117.665115610575
33.7630761300071, -117.808753450788
33.7097775839618, -117.953790629684
33.7380425688585, -117.818342823887
33.8378188414378, -117.874971946276
33.924715984683, -117.890898890843
33.8775117038457, -117.960089063817
33.7832284936468, -118.025884062156
33.8186629262281, -117.811877225594
33.8304723250304, -117.847500617125
33.7879581790899, -117.876436019758
33.9249180948691, -117.592308260907
33.76675359496, -117.479015858036
33.8906470772755, -117.804297228038
34.269794210623, -119.222060037056
34.2306319150215, -119.052273142163
34.1828874898722, -119.218455068003
34.2291188636059, -119.183060954263
34.4201837868329, -119.707589804799
34.4298939334968, -119.686219908671
34.4474639026902, -119.742951776138
34.4457886353409, -119.80154487105
48.8843622, 2.4773728
48.9549979593687, 2.38322066364526
36.3074182320104, -119.348368708659
35.381403870887, -119.02100696717
35.3396003338712, -119.066417715867
35.2809564258509, -119.05508648961
35.2578474651443, -120.650791815668
34.6595945846167, -120.455460475472
35.6335001844895, -120.695934189415
34.8812555406912, -120.431909080477
34.6039170305229, -120.132860059505
34.6923734031965, -118.149137004261
34.610926548251, -118.195405921312
36.8262907667389, -119.679238012813
36.5546982260427, -119.636257968928
36.8259389935821, -119.76302079177
36.8861737427607, -119.733026307767
36.6686410672787, -121.656615538173
36.7107228336008, -121.639327253627
36.7748763935265, -121.668467846017
36.5217161043244, -121.874975013762
36.6786946273371, -121.790228515328
36.5842768510411, -121.845807398365
37.499815, -122.2905509
37.5709693939318, -122.361837226677
37.6969237699606, -122.451568024571
37.6804794302398, -122.478744594839
37.4716747027576, -122.444835918897
37.352685710098, -122.088992622703
37.3819891868337, -122.086645274364
37.6189175731256, -122.486936725015
37.4647604112848, -122.228495993495
37.4494888328735, -122.259283342978
37.48473378468, -122.216478190066
37.5360770795136, -122.245354166774
37.6255731279772, -122.429821849965
37.4970358331122, -122.270273297231
37.6539200622792, -122.428572829792
37.3530578833906, -122.037332715399
37.779209498101, -122.41889107037
37.7862574, -122.4029119
37.7914631987296, -122.401842956057
37.7882167914374, -122.396458994642
37.7916973350361, -122.407527927195
37.792552835275, -122.420653030761
37.7520926829773, -122.413278056891
37.7973885857828, -122.400399983355
37.7576313679247, -122.437245334301
37.782744842704, -122.431484324857
37.783888668733, -122.450236066732
37.7725271589771, -122.509386257399
37.7594670096862, -122.484580136291
37.7355015839102, -122.459769194394
37.7434495773945, -122.440164232454
37.7178171, -122.4740476
37.7989715290263, -122.409448232613
48.8116312423057, 2.34676238629819
31.7830364, 35.2173753
37.5529537022926, -122.26769406798
37.7894294, -122.2765238
37.8556583568448, -122.015614157836
38.0661031766579, -122.157648993873
37.9330448479168, -121.709398452038
37.9347325064576, -121.923087009857
37.9530072541385, -122.077233513989
37.8149247307294, -121.985129961411
37.558247745127, -121.995125919608
37.5253464596652, -121.968699760039
37.518564435784, -121.931481547879
37.6798131243757, -121.756077385593
37.9955436703049, -122.115333463548
38.3561608043031, -122.294771121709
37.9968518614485, -122.289401595822
37.6653165383835, -121.868706609401
37.713238156187, -121.924152700886
37.7209118475541, -122.158756825119
37.7663201877941, -121.967579771245
38.1479430710482, -122.245992854528
38.1054821675677, -122.246732554878
38.0988777550768, -122.212435897256
37.8919167449783, -122.045370780571
37.8395322969434, -122.263526825621
37.8214519, -122.2096498
37.8668788600733, -122.25950320992
37.8555101647505, -122.250809909396
37.8900244553971, -122.295522063103
37.8963549051515, -122.279641765608
37.8675515662598, -122.298147128412
37.9730565056827, -122.517675572506
38.0141236884274, -122.549890106451
37.9505978240445, -122.537663815346
37.8897614749477, -122.47396727941
37.9231490798303, -122.516705026478
38.3471206890236, -122.694154352539
37.9880114111882, -122.594619294615
37.9379326373807, -122.53169402603
38.0978885282338, -122.583375171227
38.0603466925021, -122.538524780953
38.2426089912464, -122.704598106918
38.2539656890354, -122.621856696543
37.9598614198317, -122.551164313566
37.9835216426239, -122.570459438158
37.8587264292982, -122.502146660027
36.9865800043217, -121.88385165789
37.2814579644214, -121.953850315817
49.0393094141066, 2.07192091764294
44.972417, 34.08219095
37.638980250627, 15.1389764941411
37.4361527567871, -121.894403091465
37.1294842787064, -121.647708590318
37.3501609901239, -121.952893700673
37.3481741560935, -121.983750440668
36.9861588668345, -122.045770891479
36.972020225416, -121.988474007084
37.0069382327971, -121.985558566183
37.2692511724482, -122.024207636405
37.0177539691897, -121.950337093475
36.9326557357672, -121.772368915694
37.2147168777046, -121.856366054759
37.3292233548558, -121.835499538993
37.515871381554, 15.0617475491284
37.5324449, 15.1085619
37.5158142666667, 15.0971225333333
37.4041567097517, -121.855728478574
37.3748381939121, -121.857495036147
49.0040183009244, 2.31472690372853
38.005153796436, -121.322356222826
48.9866795314532, 2.30258920053749
38.026305141113, -121.085936992732
48.9661859481756, 2.19749719797556
38.1337957269117, -121.353746799802
37.7248087079211, -121.397804168474
49.0440083431222, 2.12381558945109
49.0269309083884, 2.33213422189668
37.2395974051943, -120.265056695433
37.7837943673242, -121.233763869155
49.1577940572836, 2.26953965809798
37.672262388433, -121.006017645338
37.6716328909725, -120.947914497474
37.7002726019179, -121.022382565745
37.7799758462698, -120.828902359416
37.4829371353438, -121.141144473818
37.7468798413827, -121.133200570737
37.7285361131315, -121.434467912799
49.0485181023052, 2.52120583138805
38.4811151675535, -122.74931878986
38.4551948025028, -122.69268214902
38.4404396198809, -122.674828476768
38.9600518269442, -122.640960577058
52.0156348, 4.4304166
38.293249, -122.473927
39.1521946866846, -123.204527208127
38.5435163856361, -122.80419968422
38.9893784065665, -121.091003226599
38.9122428477859, -121.078448924168
38.6241977359235, -121.335179249778
49.0218351991334, 2.10041795122339
38.5538720954291, -121.746340516535
38.5686965859576, -121.782596812242
38.4251008879969, -121.356407137967
38.3500275252669, -121.905471954039
38.6533600557516, -121.256737701094
49.0773840836788, 2.20683770512045
50.0337616, 12.0024455652236
49.1497405767993, 1.97757800449476
38.5576472092645, -121.285768251038
38.7324256807276, -121.253364292749
38.6852435217999, -121.223824874668
38.721511168637, -120.792054830809
49.080464748591, 2.50140756429871
38.7916960863187, -121.237536680588
38.7536499325135, -121.289161785947
38.6506286608061, -120.95829110784
38.5585152625662, -121.54553862729
38.5289257249069, -121.971770849039
38.746682493843, -121.185084672194
38.7698929298687, -121.337540351026
38.3935117915027, -121.439087985523
38.4225031632768, -121.437284774928
38.693832105406, -121.070244386174
38.8119323360131, -121.269728606999
38.678408926523, -121.740788475278
38.5717606052812, -121.469952308348
38.5686502385901, -121.441703050213
38.620338771767, -121.383897663652
38.5133220459558, -121.494162652681
38.4763171801821, -121.443684690104
38.5944512034278, -121.405179992161
38.5493964132356, -121.379513217774
38.5664828381242, -121.329234144177
38.495733011812, -121.530967198077
38.6177200269622, -121.50177774241
38.6421170878144, -121.51901901766
39.2071815297495, -122.019603807199
39.8117577519548, -121.864069215609
39.0974157694382, -121.622013701781
40.5578168764299, -122.415024195416
40.5481045170441, -122.333189022866
40.634073924902, -122.339851025663
49.88869885, 10.8956331794061
49.8748271, 10.8773789215123
39.2416433918508, -120.026604884184
39.1725185217246, -120.160297522144
38.9073305001842, -119.990976212985